
50 = 6(5) + 9(0) + 20(1)
50 = 6(2) + 9(2) + 20(1)

51 = 6(7) + 9(1) + 20(0)
51 = 6(4) + 9(3) + 20(0)
51 = 6(1) + 9(5) + 20(0)

52 = 6(2) + 9(0) + 20(2)

53 = 6(4) + 9(1) + 20(1)
53 = 6(1) + 9(3) + 20(1)

54 = 6(9) + 9(0) + 20(0)
54 = 6(6) + 9(2) + 20(0)
54 = 6(3) + 9(4) + 20(0)
54 = 6(0) + 9(6) + 20(0)

55 = 6(1) + 9(1) + 20(2)

56 = 6(6) + 9(0) + 20(1)
56 = 6(3) + 9(2) + 20(1)
56 = 6(0) + 9(4) + 20(1)

57 = 6(8) + 9(1) + 20(0)
57 = 6(5) + 9(3) + 20(0)
57 = 6(2) + 9(5) + 20(0)

58 = 6(3) + 9(0) + 20(2)
58 = 6(0) + 9(2) + 20(2)

59 = 6(5) + 9(1) + 20(1)
59 = 6(2) + 9(3) + 20(1)

60 = 6(10) + 9(0) + 20(0)
60 = 6(7) + 9(2) + 20(0)
60 = 6(4) + 9(4) + 20(0)
60 = 6(1) + 9(6) + 20(0)
60 = 6(0) + 9(0) + 20(3)

61 = 6(2) + 9(1) + 20(2)

62 = 6(7) + 9(0) + 20(1)
62 = 6(4) + 9(2) + 20(1)
62 = 6(1) + 9(4) + 20(1)

63 = 6(9) + 9(1) + 20(0)
63 = 6(6) + 9(3) + 20(0)
63 = 6(3) + 9(5) + 20(0)
63 = 6(0) + 9(7) + 20(0)

64 = 6(4) + 9(0) + 20(2)
64 = 6(1) + 9(2) + 20(2)

65 = 6(6) + 9(1) + 20(1)
65 = 6(3) + 9(3) + 20(1)
65 = 6(0) + 9(5) + 20(1)
